184.19
 147.21
 150.4
 144.23
 139.23
 133.31
 144.77
 129.5
 130.14
 129.57
 128.9
 129.05
 128.26
 126.97
 126.78
 127.38
 127.09
 126.59
 126.72
 127.03
 126.94
 126.71
 126.28
 125.47
 125.39
 124.27
 124.08
 123.49
 123.78
 124.49
 124.09
 124.46
 123.39
 123.2
 123.05
 122.08
 121.8
 122.66
 121.9
 121.57
 121.82
 120.64
 119.22
 120.31
 120.47
 119.77
 119.02
 119.23
 118.57
 118.28
 117.22
 117.59
 117.22
 117.97
 118.2
 118.61
 117.98
 117.03
 115.42
 115.23
 115.07
 115.39
 115.68
 115.97
 115.91
 114.64
 114.85
 115.48
 116.03
 115.97
 115.52
 113.4
 113.71
 115.64
 115.25
 114.14
 113.7
 113.63
 113.86
 113.56
 112.98
 112.65
 112.46
 111.93
 111.91
 111.99
 111.97
 112.02
 111.37
 110.61
 110.83
 109.9
 109.78
 109.41
 109.18
 109.6
 109.68
 109.69
 109.56
 108.14
 108.72
 108.49
 108.67
 108.76
 108.42
 108.17
 108.75
 108.81
 108.33
 108.42
 108.47
 107.88
 107.31
 107.86
 107.62
 107.1
 106.38
 105.79
 105.25
 105.38
 105.63
 105.77
 105.55
 105.14
 105.08
 104.96
 104.7
 104.86
 105.12
 104.89
 104.88
 104.08
 104.35
 104.1
 104.47
 103.85
 104.03
 103.7
 103.8
 103.52
 103.3
 103.97
 103.85
 103.9
 102.55
 102.26
 102.23
 101.86
 102.0
 101.39
 101.82
 102.28
 101.33
 100.73
 101.05
 100.4
 100.25
 99.62
 100.06
 100.12
 99.77
 99.24
 99.58
 99.67
 99.48
 98.31
 98.22
 97.47
 97.93
 97.66
 96.87
 97.22
 96.9
 96.59
 96.93
 96.75
 95.9
 96.32
 95.4
 95.81
 95.54
 95.16
 96.11
 95.48
 94.86
 95.14
 94.61
 94.9
 95.13
 95.17
 94.44
 93.15
 91.98
 92.33
 92.43
 92.26
 92.69
 92.2
 92.3
 92.29
 92.26
 91.15
 92.19
 90.21
 89.81
 90.66
 89.32
 88.63
 90.24
 90.18
 90.36
 90.28
 90.57
 90.74
 89.99
 88.89
 88.83
 88.99
 88.94
 89.12
 88.67
 88.43
 89.45
 88.55
 88.45
 88.03
 88.02
 88.12
 87.69
 87.64
 87.15
 86.42
 86.17
 85.96
 85.63
 85.77
 85.48
 85.62
 85.19
 86.34
 86.66
 86.75
 86.62
 87.69
 87.73
 86.6
 84.47
 84.17
 84.07
 83.42
 83.29
 83.47
 82.98
 82.89
 83.25
 82.98
 82.19
 82.03
 83.86
 82.88
 82.7
 82.5
 82.72
 83.15
 82.47
 82.2
 82.36
 81.85
 82.22
 82.51
 82.7
 82.55
 82.38
 82.36
 81.75
 81.82
 81.07
 80.21
 80.52
 81.09
 80.3
 81.64
 80.49
 80.33
 80.09
 79.53
 78.75
 78.7
 78.72
 78.78
 78.78
 78.32
 78.38
 78.19
 78.14
 78.21
 78.93
 77.45
 75.62
 75.23
 74.81
 74.55
 73.99
 73.74
 74.34
 74.32
 74.44
 74.26
 74.35
 74.15
 74.43
 74.15
 74.25
 73.81
 73.77
 73.45
 73.61
 73.58
 73.41
 73.12
 73.01
 72.5
 72.73
 72.79
 72.74
 72.84
 73.46
 73.63
 72.65
 71.94
 71.65
 72.14
 72.5
 71.27
 71.48
 71.09
 71.12
 70.79
 70.44
 71.28
 70.42
 70.52
 70.58
 70.25
 70.64
 70.14
 70.66
 70.87
 70.75
 71.05
 70.15
 69.53
 69.61
 69.52
 69.72
 69.93
 68.81
 68.71
 68.53
 68.75
 69.12
 67.66
 67.68
 67.65
 67.66
 66.61
 66.35
 66.09
 65.35
 65.57
 65.53
 64.89
 64.33
 63.34
 63.15
 63.36
 63.04
 62.84
 63.41
 62.66
 63.1
 62.45
 62.67
 62.53
 62.42
 62.77
 62.64
 62.63
 62.57
 62.34
 61.83
 61.26
 61.46
 61.58
 62.2
 62.64
 62.27
 61.94
 61.79
 61.3
 61.36
 61.66
 61.46
 61.25
 61.75
 61.78
 61.8
 61.7
 60.81
 60.55
 60.01
 59.62
 59.23
 59.74
 58.94
 59.16
 58.72
 58.88
 58.62
 58.65
 58.46
 58.31
 58.5
 58.59
 58.33
 58.28
 58.1
 58.39
 58.35
 57.74
 57.73
 57.7
 57.93
 57.62
 57.98
 58.06
 57.54
 57.3
 56.85
 56.92
 57.6
 57.21
 57.3
 56.76
 56.29
 56.4
 56.23
 55.96
 56.11
 55.64
 54.87
 54.68
 54.52
 54.55
 54.93
 55.02
 55.0
 54.64
 54.21
 54.0
 53.75
 53.65
 53.16
 53.22
 53.58
 53.77
 53.63
 53.53
 53.23
 53.06
 53.01
 52.81
 52.45
 52.94
 52.2
 52.62
 51.99
 52.74
 51.89
 51.92
 52.08
 51.89
 52.33
 52.02
 52.06
 51.64
 51.77
 52.14
 51.93
 51.99
 51.62
 50.84
 50.58
 50.39
 49.7
 50.97
 50.18
 49.82
 49.54
 49.33
 