130.82
 130.82
 130.82
 130.82
 130.82
 130.82
 130.82
 128.56
 128.56
 128.56
 128.56
 128.56
 127.53
 126.31
 126.31
 126.31
 126.31
 125.71
 125.71
 125.71
 125.71
 125.71
 125.71
 125.14
 125.13
 124.17
 124.07
 123.43
 123.43
 123.43
 123.43
 123.43
 122.14
 121.63
 121.63
 121.63
 121.63
 121.63
 121.63
 121.55
 121.55
 120.43
 119.08
 119.08
 119.08
 119.08
 118.59
 118.59
 118.39
 118.08
 116.91
 116.48
 116.36
 116.36
 116.36
 116.36
 116.36
 116.36
 115.32
 115.22
 115.05
 115.05
 115.05
 115.05
 115.05
 114.36
 114.36
 114.36
 113.47
 113.47
 113.47
 113.05
 113.05
 113.05
 112.92
 112.79
 112.79
 112.79
 112.79
 112.79
 112.12
 112.12
 112.06
 111.74
 111.74
 111.35
 111.35
 111.35
 110.84
 109.89
 109.56
 109.55
 109.55
 108.75
 108.75
 108.75
 108.75
 108.75
 108.75
 107.95
 107.95
 107.95
 107.95
 107.95
 107.95
 107.95
 107.59
 107.59
 107.59
 107.59
 107.59
 107.56
 106.94
 106.94
 106.94
 106.94
 106.19
 105.75
 105.19
 105.19
 105.19
 105.19
 105.19
 104.67
 104.67
 104.67
 104.59
 104.59
 104.48
 104.48
 104.27
 103.84
 103.48
 103.48
 103.48
 103.43
 103.43
 103.43
 103.43
 103.06
 102.91
 102.91
 102.91
 102.91
 102.4
 101.76
 101.72
 101.59
 101.52
 101.23
 101.23
 101.23
 101.11
 100.37
 100.37
 100.21
 100.04
 99.41
 99.41
 99.41
 99.21
 99.03
 99.03
 99.03
 99.03
 98.16
 98.16
 97.14
 97.14
 97.1
 96.21
 96.21
 96.21
 96.21
 96.21
 96.21
 95.68
 95.4
 95.19
 95.19
 95.19
 95.05
 95.05
 95.05
 94.65
 94.65
 94.41
 94.01
 94.01
 94.01
 93.18
 92.93
 91.88
 91.88
 91.88
 91.87
 91.85
 91.23
 91.23
 91.23
 91.23
 91.1
 90.57
 89.86
 89.71
 89.71
 89.2
 88.3
 88.3
 88.3
 88.3
 88.3
 88.3
 88.3
 88.3
 88.3
 88.3
 88.3
 88.3
 88.3
 88.3
 88.3
 88.3
 88.12
 87.58
 87.58
 87.58
 87.58
 87.11
 87.11
 86.81
 85.97
 85.9
 85.72
 85.5
 85.5
 85.33
 85.33
 85.08
 85.08
 85.08
 85.08
 84.73
 84.73
 84.73
 84.73
 83.64
 83.64
 83.64
 83.22
 83.22
 83.22
 82.94
 82.88
 82.88
 82.88
 82.09
 81.99
 81.99
 81.99
 81.99
 81.99
 81.99
 81.99
 81.99
 81.97
 81.97
 81.77
 81.77
 81.59
 81.59
 81.27
 81.27
 81.27
 81.27
 81.27
 80.99
 79.98
 79.98
 79.42
 79.19
 79.18
 79.18
 79.18
 77.82
 77.82
 77.82
 77.82
 77.82
 77.82
 77.82
 77.82
 77.82
 77.82
 77.82
 77.72
 77.72
 77.3
 75.43
 75.21
 74.77
 74.52
 73.93
 73.72
 73.72
 73.72
 73.72
 73.72
 73.72
 73.44
 73.44
 73.17
 73.17
 73.17
 73.17
 73.01
 73.01
 73.01
 72.77
 72.77
 72.53
 72.04
 72.04
 72.04
 72.04
 72.04
 72.04
 72.04
 72.04
 71.82
 71.63
 71.63
 71.63
 71.12
 71.12
 71.0
 71.0
 70.62
 70.42
 70.42
 70.4
 70.4
 70.31
 70.14
 70.14
 69.88
 69.88
 69.88
 69.88
 69.88
 69.88
 69.22
 69.22
 69.22
 69.22
 69.22
 68.2
 68.18
 68.18
 68.18
 68.18
 67.18
 67.18
 67.18
 67.17
 66.44
 66.15
 65.99
 65.28
 65.28
 65.28
 64.69
 64.16
 63.25
 63.14
 63.14
 62.88
 62.83
 62.83
 62.56
 62.56
 62.4
 62.4
 62.4
 62.4
 62.4
 62.4
 62.4
 62.36
 62.15
 61.48
 61.09
 61.09
 61.09
 61.09
 61.09
 61.09
 61.09
 61.09
 61.09
 60.89
 60.89
 60.89
 60.69
 60.69
 60.69
 60.69
 60.69
 60.61
 60.47
 59.89
 59.59
 59.19
 59.19
 58.55
 58.55
 58.55
 58.55
 58.48
 58.48
 58.31
 58.26
 58.26
 58.26
 58.19
 58.08
 58.08
 57.97
 57.86
 57.55
 57.55
 57.55
 57.55
 57.55
 57.55
 57.18
 57.18
 57.13
 56.71
 56.71
 56.71
 56.71
 56.71
 56.6
 56.23
 56.23
 55.95
 55.92
 55.8
 55.25
 54.66
 54.61
 54.17
 54.17
 54.17
 54.04
 54.04
 54.04
 53.9
 53.9
 53.7
 53.64
 53.11
 53.11
 53.11
 53.11
 53.11
 52.88
 52.88
 52.88
 52.87
 52.68
 52.42
 52.42
 52.14
 52.14
 51.96
 51.96
 51.85
 51.85
 51.85
 51.84
 51.72
 51.72
 51.72
 51.5
 51.5
 51.5
 51.5
 51.5
 51.2
 50.52
 50.52
 50.37
 49.63
 49.63
 49.61
 49.58
 49.42
 49.28
 