19.914
 17.732000000000003
 9.860000000000001
 4.66
 0.34
 0.34
 0.34
 0.34
 0.34
 0.34
 0.34
 0.34
 0.34
 0.34
 0.34
 0.34
 0.34
 0.34
 0.34
 0.34
 0.34
 0.34
 0.34
 0.34
 0.34
 0.34
 0.34
 0.34
 0.34
 0.34
 0.34
 0.34
 0.34
 0.34
 0.34
 0.34
 0.34
 0.34
 0.34
 0.356
 0.34
 0.34
 0.34
 0.34
 0.34
 0.34
 2.2600000000000007
 2.500000000000001
 1.7800000000000005
 0.5800000000000001
 0.34
 0.34
 0.34
 0.34
 0.34
 0.34
 0.69
 0.55
 0.34
 0.34
 0.34
 0.34
 0.34
 0.34
 0.34
 0.34
 0.34
 0.34
 0.34
 2.964
 0.34
 0.34
 0.34
 0.34
 0.34
 0.34
 2.964
 0.34
 0.34
 0.404
 0.356
 0.34
 0.34
 0.34
 0.34
 13.204000000000002
 15.124000000000004
 0.7500000000000001
 0.34
 0.34
 1.876
 1.2999999999999998
 0.724
 0.34
 0.34
 0.34
 0.34
 2.2600000000000007
 0.34
 0.34
 0.34
 0.34
 0.34
 0.34
 1.54
 2.2600000000000002
 1.7800000000000005
 2.0200000000000005
 2.2119999999999997
 4.723999999999999
 2.476
 2.106
 0.316
 0.316
 0.8839999999999998
 0.25999999999999995
 0.25999999999999995
 0.25999999999999995
 0.25999999999999995
 0.25999999999999995
 0.9
 1.2999999999999998
 0.6759999999999999
 0.25999999999999995
 0.25999999999999995
 0.25999999999999995
 0.25999999999999995
 0.25999999999999995
 0.25999999999999995
 0.25999999999999995
 0.25999999999999995
 1.9240000000000002
 2.132
 1.924
 0.6759999999999999
 0.46799999999999997
 0.25999999999999995
 0.25999999999999995
 0.25999999999999995
 0.25999999999999995
 0.25999999999999995
 0.25999999999999995
 0.25999999999999995
 0.25999999999999995
 0.25999999999999995
 0.25999999999999995
 0.25999999999999995
 0.25999999999999995
 0.25999999999999995
 0.25999999999999995
 0.25999999999999995
 0.25999999999999995
 0.25999999999999995
 0.25999999999999995
 8.580000000000002
 8.580000000000002
 2.3400000000000003
 0.25999999999999995
 0.25999999999999995
 0.25999999999999995
 1.9240000000000002
 1.716
 0.25999999999999995
 2.1320000000000006
 0.25999999999999995
 0.25999999999999995
 0.25999999999999995
 0.25999999999999995
 0.25999999999999995
 0.25999999999999995
 0.25999999999999995
 0.25999999999999995
 0.25999999999999995
 0.25999999999999995
 0.25999999999999995
 0.25999999999999995
 0.25999999999999995
 0.25999999999999995
 0.25999999999999995
 0.25999999999999995
 0.25999999999999995
 0.25999999999999995
 0.25999999999999995
 0.25999999999999995
 0.25999999999999995
 0.25999999999999995
 0.25999999999999995
 0.25999999999999995
 0.25999999999999995
 0.25999999999999995
 0.25999999999999995
 0.25999999999999995
 0.25999999999999995
 0.25999999999999995
 0.25999999999999995
 0.25999999999999995
 0.25999999999999995
 0.25999999999999995
 0.25999999999999995
 0.25999999999999995
 0.25999999999999995
 0.25999999999999995
 0.25999999999999995
 0.25999999999999995
 0.25999999999999995
 0.25999999999999995
 0.25999999999999995
 0.25999999999999995
 0.25999999999999995
 0.25999999999999995
 0.25999999999999995
 0.25999999999999995
 0.25999999999999995
 0.25999999999999995
 0.25999999999999995
 0.25999999999999995
 0.25999999999999995
 0.25999999999999995
 0.25999999999999995
 0.25999999999999995
 5.252
 4.628
 4.004
 0.25999999999999995
 0.25999999999999995
 0.25999999999999995
 0.25999999999999995
 0.25999999999999995
 0.25999999999999995
 0.13
 0.23399999999999999
 0.23399999999999999
 0.10400000000000001
 0.078
 0.026000000000000002
 0.0
 0.0
 0.0
 0.0
 0.0
 0.0
 0.0
 0.10400000000000001
 0.0
 0.0
 0.0
 0.0
 0.0
 0.0
 0.0
 