22619.1
 33372.85
 38601.566666666666
 42177.425
 45462.62
 48164.88333333333
 50440.28571428572
 52241.575
 53653.51111111111
 54398.9
 54999.818181818184
 55500.583333333336
 55924.307692307695
 56287.5
 56602.26666666667
 56877.6875
 57120.705882352944
 57336.72222222222
 57530.0
 57703.95
 57861.333333333336
 58004.40909090909
 58135.04347826087
 58254.791666666664
 58364.96
 58466.653846153844
 58560.81481481482
 58648.25
 58729.65517241379
 58805.63333333333
 58848.14193548387
 58138.59375
 58142.181818181816
 58226.5
 58280.69714285714
 58353.75
 58425.51351351351
 58493.5
 58558.0
 58619.275
 58677.560975609755
 58733.07142857143
 58786.0
 58836.52272727273
 58884.8
 