57600
 59536
 59536
 59536
 59536
 59536
 59536
 59536
 59536
 59536
 59536
 59536
 59536
 59536
 59536
 59536
 59536
 59536
 59536
 59536
 59536
 59536
 59536
 59536
 59536
 59536
 59536
 59536
 59536
 59536
 59536
 59536
 59536
 59536
 59536
 59536
 59536
 59536
 59536
 59536
 59536
 59536
 59536
 59536
 59536
 59536
 59536
 59536
 59536
 59536
 59536
 59536
 59536
 59536
 59536
 59536
 59536
 59536
 59536
 59536
 59536
 59536
 59536
 59536
 59536
 59536
 59536
 59536
 59536
 59536
 59536
 59536
 59536
 59536
 59536
 59536
 59536
 59536
 59536
 59536
 59536
 59536
 59536
 59536
 59536
 59536
 59536
 59536
 59536
 59536
 59536
 59536
 59536
 59536
 59536
 59536
 59536
 59536
 59536
 59536
 